time: 0.000462
TP: 0
TN: 7
FP: 0
FN: 0
TP_C: 0
TN_C: 7
FP_C: 0
FN_C: 0
TP_S: 0
TN_S: 7
FP_S: 0
FN_S: 0
ACC: 1.000000
