time: 0.000077
TP: 0
TN: 10
FP: 0
FN: 0
TP_C: 0
TN_C: 10
FP_C: 0
FN_C: 0
TP_S: 0
TN_S: 10
FP_S: 0
FN_S: 0
ACC: 1.000000
