time: 0.001269
TP: 0
TN: 14
FP: 0
FN: 0
TP_C: 0
TN_C: 14
FP_C: 0
FN_C: 0
TP_S: 0
TN_S: 14
FP_S: 0
FN_S: 0
ACC: 1.000000
