time: 0.001295
TP: 0
TN: 5
FP: 0
FN: 0
TP_C: 0
TN_C: 5
FP_C: 0
FN_C: 0
TP_S: 0
TN_S: 5
FP_S: 0
FN_S: 0
ACC: 1.000000
