time: 0.000195
TP: 0
TN: 21
FP: 0
FN: 0
TP_C: 0
TN_C: 21
FP_C: 0
FN_C: 0
TP_S: 0
TN_S: 21
FP_S: 0
FN_S: 0
ACC: 1.000000
