time: 0.000036
TP: 0
TN: 2
FP: 0
FN: 0
ACC: 1.000000
