time: 0.001986
TP: 0
TN: 24
FP: 0
FN: 0
ACC: 1.000000
