time: 0.001600
TP: 0
TN: 11
FP: 0
FN: 0
ACC: 1.000000
