time: 0.002055
TP: 0
TN: 3
FP: 0
FN: 0
ACC: 1.000000
