time: 0.000204
TP: 0
TN: 1
FP: 0
FN: 0
ACC: 1.000000
