time: 0.000568
TP: 0
TN: 9
FP: 0
FN: 0
ACC: 1.000000
