time: 0.001300
TP: 0
TN: 9
FP: 0
FN: 0
ACC: 1.000000
