time: 0.002060
TP: 0
TN: 4
FP: 0
FN: 0
ACC: 1.000000
