time: 0.000800
TP: 0
TN: 23
FP: 0
FN: 0
ACC: 1.000000
