time: 0.002033
TP: 0
TN: 12
FP: 0
FN: 0
ACC: 1.000000
