time: 0.000497
TP: 0
TN: 5
FP: 0
FN: 0
ACC: 1.000000
