time: 0.002302
TP: 0
TN: 8
FP: 0
FN: 0
ACC: 1.000000
