time: 0.001712
TP: 0
TN: 6
FP: 0
FN: 0
ACC: 1.000000
