time: 0.000027
TP: 0
TN: 4
FP: 0
FN: 0
ACC: 1.000000
