time: 0.000482
TP: 0
TN: 11
FP: 0
FN: 0
TP_C: 0
TN_C: 11
FP_C: 0
FN_C: 0
TP_S: 0
TN_S: 11
FP_S: 0
FN_S: 0
ACC: 1.000000
