time: 0.002111
TP: 0
TN: 20
FP: 0
FN: 0
TP_C: 0
TN_C: 20
FP_C: 0
FN_C: 0
TP_S: 0
TN_S: 20
FP_S: 0
FN_S: 0
ACC: 1.000000
