time: 0.000607
TP: 0
TN: 17
FP: 0
FN: 0
ACC: 1.000000
