time: 0.000938
TP: 0
TN: 41
FP: 0
FN: 0
ACC: 1.000000
