time: 0.002575
TP: 0
TN: 14
FP: 0
FN: 0
ACC: 1.000000
