time: 0.001616
TP: 0
TN: 25
FP: 0
FN: 0
ACC: 1.000000
