time: 0.001560
TP: 0
TN: 28
FP: 0
FN: 0
ACC: 1.000000
