time: 0.001130
TP: 0
TN: 20
FP: 0
FN: 0
ACC: 1.000000
