time: 0.001522
TP: 0
TN: 7
FP: 0
FN: 0
ACC: 1.000000
