time: 0.001103
TP: 0
TN: 1
FP: 0
FN: 0
ACC: 1.000000
