time: 0.002045
TP: 0
TN: 3
FP: 0
FN: 0
ACC: 1.000000
