time: 0.000536
TP: 0
TN: 10
FP: 0
FN: 0
ACC: 1.000000
