time: 0.002711
TP: 0
TN: 20
FP: 0
FN: 0
ACC: 1.000000
