time: 0.000680
TP: 0
TN: 6
FP: 0
FN: 0
ACC: 1.000000
