time: 0.001474
TP: 0
TN: 10
FP: 0
FN: 0
ACC: 1.000000
