time: 0.001633
TP: 0
TN: 11
FP: 0
FN: 0
ACC: 1.000000
