time: 0.000070
TP: 0
TN: 8
FP: 0
FN: 0
ACC: 1.000000
