time: 0.000264
TP: 0
TN: 21
FP: 0
FN: 0
ACC: 1.000000
