time: 0.001804
TP: 0
TN: 4
FP: 0
FN: 0
ACC: 1.000000
