time: 0.000693
TP: 0
TN: 2
FP: 0
FN: 0
ACC: 1.000000
