time: 0.000251
TP: 0
TN: 41
FP: 0
FN: 0
ACC: 1.000000
